kinematics:
  shoulder:
    x: 0
    y: 0
    z: 0.16256485338760354
    roll: -0
    pitch: 0
    yaw: -3.7789414038952307e-08
  upper_arm:
    x: 4.6819729399534939e-05
    y: 0
    z: 0
    roll: 1.5697577759301031
    pitch: 0
    yaw: -4.64780760987584e-07
  forearm:
    x: -0.42531997004462496
    y: 0
    z: 0
    roll: 3.1405490466160213
    pitch: 3.1412913650883176
    yaw: 3.1415885247546651
  wrist_1:
    x: -0.39229505260173841
    y: -0.00052518405326502406
    z: 0.13369750761792643
    roll: 0.0039281312074181144
    pitch: 0.0012376034549333682
    yaw: -4.9630881254587642e-07
  wrist_2:
    x: 6.2967835356848278e-05
    y: -0.099695049923912898
    z: 7.6012684479418935e-05
    roll: 1.5700338750000695
    pitch: 0
    yaw: 2.0564386451118327e-06
  wrist_3:
    x: -9.6995000284255643e-06
    y: 0.099576357984984307
    z: -9.1861731514531438e-05
    roll: 1.5698738015357516
    pitch: 3.1415926535897931
    yaw: 3.1415919124201466
  hash: calib_3954303438358415612