kinematics:
  shoulder:
    x: 0
    y: 0
    z: 0.16271083373148104
    roll: -0
    pitch: 0
    yaw: 9.4640287412461888e-09
  upper_arm:
    x: 6.1777564764413988e-05
    y: 0
    z: 0
    roll: 1.5695016889348146
    pitch: 0
    yaw: 5.4059885603777644e-06
  forearm:
    x: -0.42536301034898877
    y: 0
    z: 0
    roll: 3.1407812949244902
    pitch: 3.1401429955886768
    yaw: 3.1415843986097074
  wrist_1:
    x: -0.39243496413692019
    y: -0.00073970295443759359
    z: 0.1337873018461449
    roll: 0.0055288910604984432
    pitch: 0.00046069232090782301
    yaw: 7.8227043917258429e-06
  wrist_2:
    x: 8.3846404027151006e-05
    y: -0.099609011694013053
    z: 0.00015182978474485514
    roll: 1.5692720704592722
    pitch: 0
    yaw: 1.3953206948989771e-06
  wrist_3:
    x: -6.9801033600737044e-06
    y: 0.099496030612752862
    z: 4.7242719432206523e-05
    roll: 1.5712711469016978
    pitch: 3.1415926535897931
    yaw: -3.1415926364644973
  hash: calib_2327150520813455803